883
572
842
55
612
663
183
551
714
548
531
49
529
94
438
818
839
41
82
891
909
752
797
700
121
125
152
410
810
529
474
264
508
122
462
539
328
219
207
787
736
109
450
838
903
197
531
669
112
289
344
142
121
51
388
673
539
457
90
371
61
320
286
788
448
614
989
576
735
645
177
585
543
678
860
98
246
223
866
849
697
14
580
596
661
628
98
17
822
829
238
495
265
956
629
824
421
405
45
468
259
406
844
482
638
456
453
301
158
207
280
638
300
662
397
896
524
959
360
887
57
475
448
447
702
613
179
180
159
461
87
518
549
496
368
315
444
200
48
18
27
84
413
399
125
138
59
903
916
830
760
750
514
755
757
110
276
374
239
183
128
61
673
889
661
191
375
335
243
327
271
699
201
547
395
201
215
37
656
647
265
628
775
514
725
927
714
666
238
319
725
682
861
869
662
616
447
400
821
521
466
509
515
688
850
906
654
447
268
597
884
383
939
434
65
485
405
396
76
359
240
534
764
314
496
502
643
585
79
84
123
479
212
650
650
830
992
97
449
498
89
83
54
673
475
234
757
572
290
296
615
494
355
919
696
841
671
963
266
305
244
455
538
425
332
314
45
439
498
137
973
702
391
472
169
328
896
462
809
903
363
855
666
472
805
886
451
726
223
750
953
883
872
602
949
204
825
704
607
156
457
555
957
995
964
424
209
300
485
99
704
791
626
495
545
691
901
385
548
696
190
526
468
708
502
738
341
378
868
854
408
404
23
766
784
906
863
935
200
413
423
776
501
317
512
467
443
225
937
832
200
5
1
5
71
983
983
173
237
223
170
208
341
134
72
196
530
319
449
164
376
295
347
641
428
443
253
199
235
843
873
663
482
790
740
731
53
430
376
670
941
55
897
814
690
142
425
692
483
919
877
287
817
193
711
816
843
26
10
142
154
106
633
589
883
675
650
628
562
698
860
845
87
458
165
561
96
807
897
778
417
720
728
651
131
983
236
851
727
332
638
363
900
725
669
476
891
107
701
598
563
938
739
472
629
154
521
399
582
259
566
432
715
599
138
101
103
109
389
44
396
551
457
780
472
548
388
781
402
401
55
680
709
998
741
649
512
63
549
600
423
898
854
219
650
622
483
744
204
65
151
184
310
283
183
992
958
270
450
449
487
122
469
687
865
553
234
138
219
620
959
455
450
937
725
864
571
479
394
789
494
874
829
51
138
974
977
643
66
696
235
346
502
443
102
376
471
413
60
540
14
538
116
985
979
685
706
59
701
729
57
332
959
709
476
205
523
32
491
510
55
934
924
12
539
530
368
389
313
201
674
645
508
179
550
692
451
865
186
80
104
396
740
960
391
109
378
557
544
37
575
866
432
232
175
365
381
90
373
727
681
61
708
264
618
953
860
534
367
841
878
724
824
158
900
919
41
685
153
583
571
651
635
682
774
108
449
430
41
979
178
954
416
787
923
167
824
737
787
568
408
96
592
615
71
930
950
388
271
202
686
496
446
178
911
817
39
699
661
733
214
796
472
522
103
229
697
486
231
832
668
804
763
974
155
365
392
400
853
475
756
926
592
537
701
390
611
543
190
388
205
377
721
942
341
532
437
782
841
248
929
273
941
965
474
744
374
991
381
999
701
315
854
174
482
477
833
442
604
173
499
362
624
575
441
426
336
110
34
889
874
838
419
595
127
111
149
880
741
930
225
535
695
615
514
155
536
861
777
821
834
290
448
468
93
451
689
631
745
102
731
109
879
812
97
962
975
828
369
603
695
395
916
201
616
469
840
607
689
843
886
157
282
381
275
993
163
969
258
293
47
891
811
431
884
222
887
347
251
421
74
478
486
798
872
300
464
125
421
895
230
806
666
258
441
173
160
100
797
95
855
204
392
543
449
391
786
557
734
337
755
789
94
79
39
100
379
503
191
197
365
226
497
582
214
928
525
558
62
946
985
158
389
450
838
475
381
368
849
746
702
649
709
857
435
474
907
918
434
41
667
635
997
787
509
652
645
57
191
456
388
767
203
754
400
569
790
993
823
251
571
671
157
804
136
696
359
282
529
213
173
247
706
502
756
402
556
702
615
226
402
20
41
57
218
444
647
528
719
757
72
520
541
822
741
201
706
190
814
46
914
951
943
272
789
397
634
961
908
296
700
819
528
555
157
419
456
383
554
713
786
375
415
117
507
396
887
288
686
945
886
751
725
348
984
327
198
284
612
262
480
468
189
451
728
418
979
808
853
304
710
864
627
135
534
467
593
27
610
583
494
249
294
614
660
360
324
141
800
483
555
950
901
105
143
848
983
225
640
424
204
316
260
28
712
713
608
361
898
135
585
667
56
872
928
966
987
219
987
793
360
534
717
566
287
690
660
789
63
838
565
196
419
577
632
676
860
4
858
108
217
252
892
939
312
11
16
15
494
441
103
238
656
792
375
412
392
430
115
316
464
509
939
77
124
58
459
462
513
159
132
132
264
353
543
770
797
197
869
204
919
382
213
234
697
119
674
792
52
744
371
378
349
21
691
707
402
630
995
370
738
597
371
804
993
312
678
892
173
335
362
165
438
598
7
510
519
736
601
989
281
367
505
342
348
42
799
863
467
174
123
189
755
811
79
544
830
594
234
377
566
218
411
591
32
852
863
385
380
34
558
375
538
207
398
591
130
536
657
170
230
396
336
582
617
645
514
132
73
50
30
909
377
557
391
293
658
131
669
641
911
603
554
441
370
149
261
399
160
442
434
501
618
757
667
572
578
59
547
428
194
873
508
871
50
165
143
131
145
245
683
664
485
53
243
206
64
21
64
35
87
59
729
665
63
652
988
547
302
311
102
969
392
694
56
192
164
21
395
396
562
877
877
803
626
527
699
676
119
296
368
155
280
251
29
692
693
1
105
264
262
505
696
251
503
387
352
42
137
122
955
476
585
606
123
724
48
612
643
357
686
977
786
844
298
192
253
344
721
39
715
673
344
378
332
17
335
6
313
314
904
554
534
93
75
99
293
446
392
597
508
115
830
321
655
370
276
527
654
737
527
961
15
952
352
680
797
645
59
605
383
10
372
157
108
125
542
607
106
233
185
141
525
642
545
640
779
857
872
756
938
233
204
210
882
20
873
16
417
418
775
874
689
774
500
686
123
93
29
634
657
515
521
552
906
883
181
935
278
236
66
897
474
503
717
337
657
112
96
17
3
690
692
323
48
302
850
884
64
31
957
954
445
759
472
506
474
626
491
93
423
145
798
822
361
361
76
149
134
122
51
689
731
851
55
816
993
474
925
785
238
606
226
483
376
81
134
130
306
789
764
156
641
796
182
774
728
611
188
522
32
284
256
418
457
285
290
595
763
832
503
736
687
820
491
246
322
166
803
801
26
453
585
169
703
191
678
953
952
926
260
658
914
599
701
624
263
336
268
19
520
540
761
261
884
773
808
36
771
732
146
871
595
784
279
691
692
555
532
140
104
357
360
205
379
354
446
440
66
659
736
863
731
971
615
568
394
931
232
804
606
58
631
574
785
487
892
271
528
695
724
63
749
494
523
68
95
966
987
252
9
255
752
294
974
906
600
864
948
956
17
454
193
365
345
686
461
531
540
6
63
204
228
189
909
993
821
804
70
311
286
47
99
738
794
566
379
370
670
731
472
58
227
210
83
892
890
899
84
901
826
589
391
339
441
281
597
260
809
466
631
815
461
601
492
568
118
497
951
851
109
816
332
690
402
607
862
661
196
605
708
424
530
290
600
547
148
294
173
361
262
518
635
921
364
519
169
352
868
847
452
410
623
212
183
181
174
251
113
297
549
871
704
758
13
745
819
982
246
607
475
769
41
481
517
816
32
847
358
416
686
533
567
169
244
430
370
550
827
849
696
674
999
552
549
70
355
911
956
398
412
12
861
898
38
312
895
622
242
289
442
93
125
62
546
696
540
546
645
125
565
698
351
163
315
426
164
914
808
114
449
340
863
358
752
76
416
447
98
730
710
709
178
767
157
374
533
401
795
543
921
871
59
459
601
361
919
729
541
641
667
556
628
573
363
756
40
719
145
97
74
221
465
495
931
39
965
371
385
142
475
228
402
364
706
765
494
950
669
117
209
328
828
803
341
504
813
431
368
609
950
67
68
91
145
10
147
565
923
752
175
390
341
786
830
540
281
995
927
846
866
65
514
339
358
487
788
550
48
84
103
827
798
197
935
481
475
809
881
404
844
585
679
329
566
596
480
111
385
472
948
532
874
969
412
805
838
131
942
413
663
99
478
380
60
42
104
359
801
718
608
111
554
482
460
41
238
222
427
613
401
725