357
189
206
656
375
550
487
664
728
456
783
749
866
883
33
113
111
54
464
567
559
53
146
94
944
262
720
205
760
733
236
676
786
611
310
903
320
212
202
936
219
720
28
143
146
297
353
164
830
824
37
576
708
779
311
229
177
784
358
516
144
404
306
550
442
689
540
564
30
406
779
374
924
843
363
191
726
816
662
652
354
979
965
786
581
588
179
748
24
722
724
266
493
658
366
705
311
15
327
271
168
253
403
740
508
839
70
802
618
676
455
318
854
598
591
790
976
162
168
305
184
370
507
382
805
644
437
424
280
12
359
362
537
676
608
595
480
368
891
893
540
601
67
563
867
330
564
379
302
107
492
767
517
424
247
204
455
201
414
300
266
60
163
795
701
487
687
769
811
466
782
769
543
591
757
249
836
820
692
411
67
482
463
114
369
263
644
411
384
3
451
446
502
792
853
534
594
67
738
859
567
222
12
210
442
527
411
821
524
786
37
679
672
184
648
741
572
857
441
622
186
456
707
438
466
989
959
457
585
550
197
104
393
369
606
756
718
494
692
967
979
963
23
467
287
591
312
349
339
701
715
382
289
637
347
362
593
339
778
830
127
548
701
953
21
496
508
873
730
416
339
248
142
859
459
520
70
741
732
706
221
491
167
110
198
59
227
235
17
14
15
794
884
621
222
159
309
336
509
586
234
104
235
24
204
218
398
534
878
509
556
359
767
120
703
903
686
418
253
471
286
20
648
641
496
754
300
985
149
958
865
450
417
675
813
357
712
654
930
983
100
910
934
986
157
216
291
114
680
876
318
650
795
164
943
552
983
212
789
795
800
852
227
616
185
470
537
109
519
590
567
88
279
553
706
545
422
255
822
246
820
549
532
343
385
634
784
843
487
640
795
103
889
305
537
236
668
168
532
831
227
971
474
46
499
658
726
776
401
433
431
619
110
690
177
454
371
24
706
731
838
158
856
337
298
125
601
197
725
749
187
595
351
558
343
958
104
854
348
634
983
443
440
452
31
925
935
308
653
834
511
546
66
838
816
497
454
878
664
560
815
590
175
14
161
43
787
743
882
957
123
864
694
560
212
160
87
550
53
505
755
97
823
35
390
399
919
879
617
393
262
541
927
376
897
113
100
12
363
5
358
700
687
374
456
3
460
611
9
600
322
187
141
293
316
39
283
889
822
501
775
594
497
700
244
364
575
628
655
540
870
873
804
73
569
212
676
181
347
425
234
202
31
505
611
115
366
101
451
356
130
445
731
716
134
700
645
857
173
222
127
476
944
863
761
133
810
858
788
253
108
276
294
655
600
98
114
747
660
388
410
146
773
814
106
691
195
743
838
67
881
521
362
221
788
345
453
970
978
238
676
350
876
756
682
704
220
470
614
522
402
885
578
675
452
700
262
961
745
921
675
817
144
841
157
717
869
264
591
794
925
910
457
28
896
925
939
7
949
932
682
317
449
502
841
83
91
10
582
932
805
335
816
570
933
892
147
907
921
27
421
896
785
281
192
386
910
702
274
144
73
200
286
353
117
504
288
415
268
244
183
437
426
537
85
756
829
15
381
372
550
561
27
696
88
771
475
446
864
316
154
407
713
606
665
497
548
68
868
927
796
818
963
719
41
233
248
8
258
252
259
987
950
484
543
192
197
135
74
225
356
398
875
839
67
133
71
178
16
760
752
909
960
97
313
601
664
270
208
150
561
229
595
169
863
925
884
887
45
243
310
189
619
146
750
180
173
241
703
57
660
408
772
389
762
886
524
10
591
586
898
510
525
847
838
410
322
312
8
70
469
448
335
312
431
629
602
86
78
387
363
408
399
10
588
413
273
908
752
370
143
74
113
570
249
475
392
461
169
731
973
633
732
798
64
260
361
531
894
706
735
816
81
821
126
740
824
45
735
730
58
780
836
243
320
78
283
297
65
120
885
786
217
18
205
450
209
653
392
533
314
265
208
303
598
289
836
317
43
326
15
422
422
286
609
764
316
3
312
297
299
1
780
879
200
478
516
709
289
366
89
427
325
678
993
403
640
353
611
851
871
593
853
530
866
592
908
19
926
991
703
420
912
829
223
172
175
173
694
6
694
482
585
485
326
475
458
136
102
230
662
429
936
445
582
522
64
692
683
713
162
833
435
37
434
156
157
14
932
75
944
92
901
905
762
159
702
863
997
145
39
892
917
504
752
623
342
672
960
124
250
350
608
552
259
336
421
207
970
855
883
531
472
216
731
526
256
933
574
469
633
302
358
328
185
450
708
66
747
274
674
779
848
655
362
561
71
537
506
499
51
190
935
950
359
468
403
619
915
631
955
938
20
840
944
225
393
489
146
447
317
405
453
921
813
605
565
160
200
797
792
596
376
613
573
927
572
83
233
154
160
277
369
949
959
13
460
182
527
484
781
419
578
633
613
925
544
640
599
668
122
355
458
279
532
697
842
743
330
588
742
251
885
187
226
97
955
537
722
529
903
902
990
924
307
41
499
520
374
780
517
354
419
167
784
270
981
688
232
678
262
87
306
933
895
68
835
818
234
468
622
760
168
679
722
716
823
132
168
696
619
408
304
275
304
533
740
936
872
295
183
809
662
182
208
260
748
968
807
681
666
94
868
831
630
711
734
333
430
258
608
376
528
471
279
990
953
619
138
522
443
228
317
659
316
461
619
576
104
333
269
548
934
902
371
830
914
103
28
766
782
975
951
679
350
99
428
32
837
858
951
482
544
798
607
238
146
203
308
643
480
265
500
39
466
234
582
531
409
333
269
860
688
270
592
503
344
946
951
974
481
142
338
899
10
897
86
648
734
397
602
977
490
122
495
888
30
879
856
834
747
339
274
269
223
362
404
898
591
437
311
149
335
977
11
979
730
89
657
777
342
937
10
906
899
60
298
254
323
819
526
128
344
270
705
62
727
847
55
831
276
326
472
465
501
441
221
553
502
116
498
424
608
586
752
542
379
169
302
77
332
584
558
26
911
857
215
631
334
544
824
716
852
456
609
409
903
8
911
483
300
411
687
438
785
194
274
227
493
828
718
619
384
511
289
653
503
341
545
827
642
706
569
223
364
324
239
270
120
345
574
533
391
355
512
254
155
383
314
397
277
215
268
77
683
893
538
419
389
92
730
736
891
125
372
313
37
613
627
290
765
803
459
263
321
107
18
101
246
201
108
616
292
880
308
750
732
861
782
995
728
277
476
318
559
829
513
477
275
906
885
216
432
381
139
236
433
281
643
198
624
83
195
136
692
566
649
604
203
407
681
374
892
894
847
58
161
159
132
266
350
121
771
570
633
447
411
663
631
280
387
724
88
701
784
925
199
669
459
407
584
771
898
92
194
239
256
303
166
271
203
220
827
860
37
579
392
871
621
551
535
913
547
862
907
929
505
202
245
96
380
282
617
485
482
3
572
599
85
283
588
658
266
751
542
531
587
905
858
822
397
866
910
256
667
323
832
211
65
279
153
213
279
776
590
820
358
976
618
465
159
460
115
866
804
247
577
548
193
766
637
299
153
179
685
719
172
662
745
682
320
697
674
249
82
184
271
741
508
222
283
231
377
123
475
127
140
21
181
704
842
36
718
698
434
529
179
612
603
357
96
123
57
688
822
583
884
421
813
100
749
756
556
915
430
360
594
937
659
682
196
364
435
203
843
190
716
523
187
473
879
974
177
791
815
176
738
298
915
621
626
154
897
849
854
858
515
966
850
922
371
430
395
675
461
518
159
606
483
598
296
640
601
78
827
903
209
842
699
414
112
321
731
136
869
396
528
284
344
482
395
576
78
532
165
745
866
546
800
320
981
813
332
226
673
491
536
934
479
444
442
5
853
410
444
462
217
623
905
403
880
685
736
484
812
818
929
542
67
476
631
550
137
849
578
481
618
451
167
41
511
510
335
266
387
726
649
428
211
59
271
396
524
601
305
757
678
780
903
923
750
582
334
745
67
739
775
493
954
768
616
345
647
294
696
568
165
488
660
662
418
508
220
672
416
377
266
4
742
745
840
806
148
221
323
334
10
364
365
765
937
998
614
619
228
419
481
126
787
696
809
147
173
42
497
409
774
401
673
767
101
903
903
291
118
346
365
573
785
495
580
465
287
272
34
212
201
142
276
707
824
328
407
293
782
590
425
526
794
597
897
34
916
564
441
695
341
556
882
247
31
230
940
849
679
830
226
960
513
867
598
183
378
396
866
949
921
502
478
579
260
463
271
220
77
194
735
828
658
984
579
458
628
882
768
663
279
888
185
186
51
798
785
97
617
317
682
442
437
14
557
56
538
953
30
965
413
366
323
402
211
312