185
424
272
94
90
179
470
431
853
329
592
478
959
73
953
644
817
276
354
488
165
36
382
368
167
102
123
520
469
243
596
726
466
632
219
633
339
723
572
452
387
521
253
73
249
582
362
767
680
912
448
70
932
887
650
702
846
411
532
135
602
612
943
573
998
727
667
648
190
486
300
781
610
802
510
534
137
514
540
433
516
755
629
540
167
159
7
855
907
102
601
554
390
757
760
264
412
408
494
219
576
787
178
80
220
566
286
397
953
112
959
56
699
729
848
751
396
5
26
26
117
601
601
420
595
277
493
114
518
644
577
527
352
336
38
313
966
839
156
202
58
839
880
291
706
20
700
578
602
36
936
475
901
277
600
870
334
22
313
975
62
927
863
451
879
284
178
306
299
794
995
820
178
834
809
758
100
915
468
825
791
700
564
401
879
781
171
330
483
607
249
801
285
792
730
844
680
268
506
726
813
823
969
184
856
77
914
385
689
645
581
421
677
807
369
575
785
863
157
424
337
92
664
825
992
538
586
153
871
272
803
456
670
297
387
393
62
148
519
499
860
588
311
650
868
575
897
851
256
265
684
663
420
921
535
731
764
585
843
705
310
100
891
790
519
511
15
549
931
800
247
241
5
159
169
269
172
404
468
39
700
672
656
324
577
948
599
483
366
402
587
769
87
739
917
982
124
87
888
932
816
490
967
823
290
990
686
908
269
575
223
481
47
51
15
416
973
592
276
260
513
889
70
861
932
831
195
436
497
199
450
645
879
71
724
730
260
683
817
480
262
453
216
285
150
343
541
837
501
639
515
470
555
242
29
4
31
570
413
751
150
693
620
565
316
516
615
806
609
468
703
771
2
802
807
892
204
802
364
645
883
177
649
693
598
523
77
619
205
716
476
628
822
222
745
948
618
785
429
425
192
288
401
437
49
769
179
876
375
162
242
785
874
885
315
728
801
914
21
915
118
221
123
398
481
191
775
672
134
388
188
552
111
827
736
666
197
858
932
556
822
5
67
60
860
730
176
901
493
599
316
134
380
187
295
164
248
848
768
361
290
482
618
81
624
140
2
142
539
497
45
500
442
190
225
36
249
431
137
369
278
165
278
39
545
520
703
464
431
555
149
619
956
475
957
877
181
882
432
74
504
295
50
268
717
960
837
56
537
578
724
445
291
117
222
230
99
117
34
721
560
895
624
239
649
68
492
467
881
967
227
724
301
711
412
329
680
437
266
486
285
801
627
321
84
276
178
325
305
671
964
539
537
629
227
62
380
327
813
721
943
463
367
471
505
508
20
369
775
729
547
830
792
849
144
795
594
612
207
740
917
957
103
687
614
359
838
563
351
875
593
344
647
826
920
103
917
894
635
273
157
306
238
91
152
112
77
610
664
734
764
45
315
515
638
825
801
961
253
534
708
638
679
152
60
967
935
19
578
572
530
445
785
281
69
345
762
20
750
595
209
551
835
943
121
665
160
818
603
682
345
254
19
259
662
406
676
573
839
905
840
901
69
753
852
786
593
370
891
425
540
641
533
528
71
16
862
866
350
380
362
204
861
831
204
566
402
108
351
343
692
697
541
360
358
109
497
287
655
855
847
94
577
627
974
182
306
189
797
16
786
377
399
91
434
28
435
252
745
932
659
734
312
355
321
199
697
293
701
342
35
351
241
220
130
810
372
446
325
298
85
379
66
315
221
62
286
33
420
448
886
389
934
527
681
151
48
226
177
863
830
32
518
353
558
449
284
193
106
865
782
370
344
269
999
367
850
335
254
294
10
979
983
398
468
295
545
935
660
692
512
396
772
207
867
264
384
366
349
62
376
489
744
371
879
915
891
466
164
582
505
682
886
188
269
345
8
499
497
849
912
129
998
714
341
562
825
787
208
503
343
930
925
12
560
654
810
805
775
217
797
196
666
645
397
685
14
863
875
43
206
238
68
477
412
478
472
363
723
378
795
692
433
289
854
717
856
953
436
567
170
338
325
297
296
10
997
325
859
427
935
882
421
88
470
262
57
226
179
606
616
690
257
647
429
174
408
310
301
161
329
422
331
790
751
143
905
723
358
268
238
28
331
677
490
660
162
785
448
112
471
248
646
663
423
399
154
328
20
308
908
747
218
787
302
831
391
439
283
864
701
239
510
157
532
450
489
193
601
193
685
20
971
972
22
191
210
452
145
404
737
100
722
779
766
49
67
952
931
102
919
824
983
770
501
972
926
688
225
522
310
25
852
849
93
351
418
134
803
892
205
81
268
524
718
409
403
829
496
602
484
608
720
225
907
402
98
358
565
651
406
985
441
586
409
387
736
976
995
33
760
745
393
233
239
78
512
345
345
60
68
60
618
84
581
191
862
932
425
354
326
767
450
511
470
172
434
142
840
965
700
963
633
480
854
780
348
179
498
168
748
906
157
33
141
675
776
696
450
495
42
680
572
965
863
542
842
885
195
906
603
285
788
775
63
828
453
181
469
825
664
408
993
843
168
513
400
412
160
864
929
611
294
784
106
173
217
561
358
338
772
690
102
362
760
844
155
870
998
259
579
784
769
591
976
575
545
141
394
157
263
285
327
414
440
10
435
310
327
546
118
512
485
231
893
677
136
975
924
891
352
715
341
682
795
108
140
87
748
209
661
953
889
146
673
551
883
852
70
782
396
589
447
326
787
895
945
666
399
180
331
321
217
881
960
400
392
91
400
590
749
365
886
894
324
803
553
389
424
548
693
721
781
526
860
954
904
191
810
115
729
760
866
66
858
181
768
771
290
277
32
651
698
599
936
817
438
345
742
515
119
769
832
816
654
855
846
831
107
769
352
728
466
411
137
98
263
244
726
572
751
359
775
873
158
855
908
215
622
463
754
633
159
189
64
221
234
783
697
492
353
441
143
211
69
924
998
155
801
399
604
367
463
639
408
827
908
394
12
381
197
328
260
97
760
759
656
101
754
876
749
155
725
684
204
786
977
789
949
750
403
536
512
273
590
696
130
822
846
585
30
892
899
94
558
530
630
660
45
681
498
825
953
65
985
598
201
555
212
721
622
453
255
422
263
930
738
276
311
34
450
91
513
873
228
776
337
382
174
428
87
497
677
72
643
137
629
639
975
798
351
781
343
959
904
572
685
290
511
766
670
217
573
271
739
602
539
815
437
498
180
558
495
327
725
663
848
364
602
695
590
274
285
542
557
885
572
681
391
476
696
382
366
188
411
601
702
37
702
635
400
977
662
487
739
504
570
453
385
339
46
560
359
855
668
423
771
545
767
821
714
587
170
777
668
280
599
614
818
383
539
295
325
761
995
197
369
501
164
97
253
676
695
650
60
464
444
31
840
848
759
859
654
303
665
676
358
550
789
790
109
773
332
953
640
212
201
13
502
205
701
491
16
475
649
759
351
510
217
414
758
385
519
558
596
154
573
530
588
719
765
728
405
844
789
662
278
405
766
488
748
367
610
250
794
842
704
406
830
467
77
341
360
912
54
968
532
254
453
477
309
402
819
444
639
909
904
28
648
441
688
622
469
306
25
999
987
876
791
400
294
209
192
14
434
442
888
856
328
203
929
757
750
538
379
323
915
960
37
528
502
498
494
52
43
7
50
959
815
965
542
258
446
805
264
560
363
176
340
136
71
89
681
149
737
529
941
685
945
518
787
90
835
921
508
764
285
173
618
493
786
301
890
486
26
459
331
568
369
199
934
963
504
580
892
94
547
598
810
478
592
590
162
446
692
728
426
992
812
817
453
421
176
882
998
777
464
554
93
303
941
807
864
839
379
480
403
335
857
817
89
64
123
69
106
469
387
493
387
266
517
752
930
567
279
433
820
446
972
768
462
420
454
592
288
734
132
630
980
44
968
842
282
662
121
235
120
715
682
265
260
157
233
24
234
220
184
667
608
885
504
891
349
264
384
606
822
308
880
370
792
324
408
163
154
304
418
625
228
493
743
376
847
507
101
424
888
871
59
583
297
315
82
61
102
427
204
625
275
74
233
64
108
62
180
221
188
258
166
415
971
988
36
759
943
737
243
142
374
945
985
695
243
872
681
319
888
786
395
476
443
967
537
430
289
154
179
197
834
901
704
590
365
749
214
868
779
944
482
812
864
303
388
523
586
542
30
515
639
722
931
842
651
706
761
838
890
432
922
939
256
802
918
829
771
77
64
526
588
51
619
584
991
979
21
423
267
405
533
743
589
81
218
194
664
597
584
727
942
649
921
984
113
387
251
261
850
242
608
743
848
644
33
536
517
449
297
560
226
182
52
344
868
857
583
648
300
620
194
453
865
857
27
632
133
723
620
58
608
520
328
215